100
285 189 728 518
895 287 339 642
661 30 188 113
516 522 627 679
254 934 495 132
947 783 851 36
595 708 909 361
659 798 248 230
647 214 39 140
625 3 186 785
726 104 9 691
69 935 617 342
221 178 745 808
851 351 971 963
486 745 581 61
775 495 776 297
243 892 72 655
826 889 104 89
41 828 3 189
731 608 981 570
526 918 523 628
728 966 33 279
76 295 810 646
248 83 409 587
328 297 198 218
889 498 467 80
550 967 800 954
146 655 776 734
312 836 831 638
896 44 588 341
565 349 634 402
336 789 122 491
513 434 169 464
712 551 890 666
612 908 704 981
709 754 665 813
404 204 360 653
606 944 457 828
682 96 320 98
859 713 355 388
607 271 247 200
870 248 226 896
543 538 552 988
961 360 75 283
886 846 588 443
396 746 518 287
879 919 6 748
178 877 166 385
624 746 69 532
949 340 893 514
443 816 700 364
831 765 959 521
507 785 378 237
923 913 805 218
225 777 590 134
662 357 907 456
264 926 39 356
181 220 635 295
726 238 50 123
282 711 457 737
744 756 134 761
693 147 893 139
70 118 8 89
339 55 735 212
786 104 809 97
420 610 536 146
773 579 549 197
146 623 671 719
863 223 126 751
768 380 594 708
838 557 318 787
367 559 67 729
89 320 245 755
573 561 921 302
818 974 144 150
86 393 864 413
271 352 889 972
685 416 961 227
571 424 493 904
661 732 985 452
16 111 196 322
272 160 549 94
101 777 363 833
891 262 191 105
882 261 752 242
631 110 929 965
426 551 843 846
187 420 250 454
452 677 905 77
842 643 891 535
654 922 303 192
138 721 909 91
129 935 47 805
357 237 796 264
417 556 173 854
246 982 339 547
19 242 510 349
435 44 158 55
315 125 73 699
989 384 412 89
